0.0019936561584472656	15	0.0005189999999999999	 0.0007509999999999999
0.0009965896606445312	15	0.0	 0.000232
0.0019943714141845703	15	0.0	 0.000232
0.002000570297241211	15	0.0	 0.000232
0.003003835678100586	15	0.0	 0.000232
0.0009942054748535156	15	0.0	 0.000232
0.001995563507080078	15	0.0	 0.000232
0.001994609832763672	15	0.0	 0.000232
0.0019943714141845703	15	0.0	 0.000232
0.0009968280792236328	15	0.0	 0.000232
0.0019960403442382812	15	0.0	 0.000232
0.001996278762817383	15	0.0	 0.000232
0.0019922256469726562	15	0.0	 0.000232
0.0020029544830322266	15	0.0	 0.000232
0.0030655860900878906	15	0.0	 0.000232
0.001912832260131836	15	0.0	 0.000232
0.001994609832763672	15	0.0	 0.000232
0.0009975433349609375	15	0.0	 0.000232
0.002018451690673828	15	0.0	 0.000232
0.001970529556274414	15	0.0	 0.000232
0.001994609832763672	15	0.0	 0.000232
0.0019943714141845703	15	0.0	 0.000232
0.0010254383087158203	15	0.0	 0.000232
0.0019989013671875	15	0.0	 0.000232
0.001964092254638672	15	0.0	 0.000232
0.0020265579223632812	15	0.0	 0.000232
0.0019636154174804688	15	0.0	 0.000232
0.0019922256469726562	15	0.0	 0.000232
0.000997304916381836	15	0.0	 0.000232
0.0019960403442382812	15	0.0	 0.000232
0.0019941329956054688	15	0.0	 0.000232
0.0019943714141845703	15	0.0	 0.000232
0.0019941329956054688	15	0.0	 0.000232
0.002992391586303711	15	0.0	 0.000232
0.0009975433349609375	15	0.0	 0.000232
0.0019943714141845703	15	0.0	 0.000232
0.001994609832763672	15	0.0	 0.000232
0.001994609832763672	15	0.0	 0.000232
0.000997304916381836	15	0.0	 0.000232
0.001995563507080078	15	0.000571	 0.000824
0.0010006427764892578	15	0.0	 0.000232
0.0019512176513671875	15	0.0	 0.000232
0.001993894577026367	15	0.0	 0.000232
0.0009975433349609375	15	0.0	 0.000232
0.001995086669921875	15	0.0	 0.000232
0.001997232437133789	15	0.0	 0.000232
0.0019960403442382812	15	0.0	 0.000232
0.0019905567169189453	15	0.0	 0.000232
0.001995086669921875	15	0.0	 0.000232
0.0009970664978027344	15	0.0	 0.000232
0.0019941329956054688	15	0.0	 0.000232
0.0009942054748535156	 0.0	 0.000232
0.0030655860900878906	 0.000571	 0.000824
0.0018376930087220435	 2.137254901960784e-05	 0.00025378431372548993
