0.0	15	0.0	 0.001888
0.0	15	0.0	 0.001888
0.0	15	0.0	 0.001888
0.0	15	0.0	 0.001888
0.0	15	0.0	 0.001888
0.0	15	0.0	 0.001888
0.0	15	0.0	 0.001888
0.0	15	0.0	 0.001888
0.0010030269622802734	15	0.0	 0.001888
0.0	15	0.0	 0.001888
0.0009970664978027344	15	0.0	 0.001888
0.0	15	0.0	 0.001888
0.0	15	0.0	 0.001888
0.001001596450805664	15	0.0	 0.001888
0.0	15	0.0	 0.001888
0.0	15	0.0	 0.001888
0.0	15	0.0	 0.001888
0.0	15	0.0	 0.001888
0.0	15	0.0	 0.001888
0.0009953975677490234	15	0.0	 0.001888
0.0	15	0.0	 0.001888
0.0	15	0.0	 0.001888
0.0	15	0.0	 0.001888
0.0	15	0.0	 0.001888
0.0009975433349609375	15	0.0	 0.001888
0.0	15	0.0	 0.001888
0.0	15	0.0	 0.001888
0.0	15	0.0	 0.001888
0.0	15	0.0	 0.001888
0.0	15	0.0	 0.001888
0.0009963512420654297	15	0.0	 0.001888
0.0	15	0.0	 0.001888
0.0	15	0.0	 0.001888
0.0	15	0.0	 0.001888
0.0	15	0.0	 0.001888
0.000997781753540039	15	0.0	 0.001888
0.0	15	0.0	 0.001888
0.0	15	0.0	 0.001888
0.000997781753540039	15	0.0	 0.001888
0.0	15	0.0	 0.001888
0.0	15	0.0	 0.001888
0.0	15	0.0	 0.001888
0.0	15	0.0	 0.001888
0.000997304916381836	15	0.0	 0.001888
0.0	15	0.0	 0.001888
0.0	15	0.0	 0.001888
0.0	15	0.0	 0.001888
0.0	15	0.0	 0.001888
0.0009970664978027344	15	0.0	 0.001888
0.0	15	0.0	 0.001888
0.0	 0.0	 0.001888
0.0010030269622802734	 0.0	 0.001888
0.00019961833953857422	 0.0	 0.0018880000000000006
