0.0	37	0.0016079999999999998	 0.0066159999999999995
0.0	37	0.00047999999999999996	 0.005656
0.0009975433349609375	37	0.00047999999999999996	 0.005656
0.0	37	0.00047999999999999996	 0.005656
0.000997304916381836	37	0.00047999999999999996	 0.005656
0.0009968280792236328	37	0.00047999999999999996	 0.005656
0.0	37	0.00047999999999999996	 0.005656
0.0009970664978027344	37	0.00047999999999999996	 0.005656
0.0010030269622802734	37	0.00047999999999999996	 0.005656
0.001997232437133789	37	0.00047999999999999996	 0.005656
0.0009946823120117188	37	0.00047999999999999996	 0.005656
0.0009899139404296875	37	0.000918	 0.006094
0.0009970664978027344	37	0.00047999999999999996	 0.005656
0.0	37	0.00047999999999999996	 0.005656
0.000997304916381836	37	0.00047999999999999996	 0.005656
0.0	37	0.00047999999999999996	 0.005656
0.000997304916381836	37	0.00047999999999999996	 0.005656
0.0	37	0.000606	 0.005782
0.0009970664978027344	37	0.00047999999999999996	 0.005656
0.0	37	0.00047999999999999996	 0.005656
0.0	37	0.00047999999999999996	 0.005656
0.0009975433349609375	37	0.00047999999999999996	 0.005656
0.0	37	0.00047999999999999996	 0.005656
0.0009970664978027344	37	0.00047999999999999996	 0.005656
0.0	37	0.00047999999999999996	 0.005656
0.0009965896606445312	37	0.00047999999999999996	 0.005656
0.0	37	0.00047999999999999996	 0.005656
0.0009975433349609375	37	0.00047999999999999996	 0.005656
0.0	37	0.00047999999999999996	 0.005656
0.0009968280792236328	37	0.00047999999999999996	 0.005656
0.0010020732879638672	37	0.00047999999999999996	 0.005656
0.000993490219116211	37	0.00047999999999999996	 0.005656
0.0	37	0.000504	 0.005656
0.0009965896606445312	37	0.000504	 0.005656
0.0	37	0.0005679999999999999	 0.005656
0.0009984970092773438	37	0.0005679999999999999	 0.005656
0.0	37	0.0005679999999999999	 0.005656
0.0	37	0.0005679999999999999	 0.005656
0.0	37	0.0005679999999999999	 0.005656
0.0	37	0.0005679999999999999	 0.005656
0.000997304916381836	37	0.0005679999999999999	 0.005656
0.0	37	0.0005679999999999999	 0.005656
0.0010051727294921875	37	0.0005679999999999999	 0.005656
0.0	37	0.0005679999999999999	 0.005656
0.0009679794311523438	37	0.0005679999999999999	 0.005656
0.0010249614715576172	37	0.0005679999999999999	 0.005656
0.0	37	0.0005679999999999999	 0.005656
0.00096893310546875	37	0.0005679999999999999	 0.005656
0.0	37	0.0005679999999999999	 0.005656
0.000997304916381836	37	0.0005679999999999999	 0.005656
0.0	 0.00047999999999999996	 0.005656
0.001997232437133789	 0.0016079999999999998	 0.0066159999999999995
0.000558004379272461	 0.0005429599999999997	 0.005686479999999996
