0.0029914379119873047	133	0.00035999999999999997	 0.000612
0.003996610641479492	133	0.0	 0.000372
0.00498199462890625	133	0.00046199999999999995	 0.001215
0.002997159957885742	133	0.0	 0.000372
0.0029838085174560547	133	0.0	 0.000372
0.002996206283569336	133	0.0	 0.000372
0.003984928131103516	133	0.0	 0.000372
0.0029914379119873047	133	0.0	 0.000372
0.002991914749145508	133	0.0	 0.000372
0.0029942989349365234	133	0.0	 0.000372
0.002995729446411133	133	0.0	 0.000372
0.0029876232147216797	133	0.0	 0.000372
0.0029926300048828125	133	0.0	 0.000372
0.001995086669921875	133	0.0	 0.000372
0.003991127014160156	133	0.0	 0.000372
0.0029897689819335938	133	0.0	 0.000372
0.0029952526092529297	133	0.0	 0.000372
0.0029892921447753906	133	0.0006349999999999999	 0.0010069999999999999
0.0029914379119873047	133	0.0	 0.000372
0.0029921531677246094	133	0.0	 0.000372
0.002991199493408203	133	0.0	 0.000372
0.002992868423461914	133	0.0	 0.000372
0.0029916763305664062	133	0.0	 0.000372
0.0029914379119873047	133	0.0	 0.000372
0.0019948482513427734	133	0.0	 0.000372
0.0029921531677246094	133	0.0	 0.000372
0.0029921531677246094	133	0.0	 0.000372
0.0029931068420410156	133	0.0	 0.000372
0.0029926300048828125	133	0.0	 0.000372
0.006981849670410156	133	0.0	 0.000372
0.0029904842376708984	133	0.0	 0.000372
0.0029926300048828125	133	0.0	 0.000372
0.002992391586303711	133	0.0	 0.000372
0.0029909610748291016	133	0.0	 0.000372
0.0019948482513427734	133	0.0	 0.000372
0.0020079612731933594	133	0.0	 0.000372
0.0029790401458740234	133	0.0	 0.000372
0.004988431930541992	133	0.0	 0.000372
0.0049855709075927734	133	0.0	 0.000372
0.0029838085174560547	133	0.0	 0.000372
0.0029926300048828125	133	0.0	 0.000372
0.007978200912475586	133	0.0	 0.000372
0.0029916763305664062	133	0.0	 0.000372
0.002992868423461914	133	0.0	 0.000372
0.0029909610748291016	133	0.0	 0.000372
0.0029926300048828125	133	0.0	 0.000372
0.0029916763305664062	133	0.0	 0.000372
0.0029916763305664062	133	0.0	 0.000372
0.0019943714141845703	133	0.0	 0.000372
0.002992391586303711	133	0.0	 0.000372
0.000997781753540039	133	0.0	 0.009984
0.0009961128234863281	133	0.0	 0.009984
0.0009965896606445312	133	0.0	 0.009984
0.001996278762817383	133	0.0	 0.009984
0.0009968280792236328	133	0.0	 0.009984
0.0009965896606445312	133	0.0	 0.009984
0.0009980201721191406	133	0.0	 0.009984
0.0009961128234863281	133	0.0	 0.009984
0.0009970664978027344	133	0.0	 0.009984
0.0009975433349609375	133	0.0	 0.009984
0.000997304916381836	133	0.0	 0.009984
0.000997304916381836	133	0.0	 0.009984
0.0	133	0.0	 0.009984
0.0009982585906982422	133	0.0	 0.009984
0.0009968280792236328	133	0.0	 0.009984
0.0010001659393310547	133	0.0	 0.009984
0.0009946823120117188	133	0.0	 0.009984
0.0009996891021728516	133	0.0	 0.009984
0.0009958744049072266	133	0.0	 0.009984
0.0009970664978027344	133	0.0	 0.009984
0.0009968280792236328	133	0.0	 0.009984
0.000997781753540039	133	0.0	 0.009984
0.0009970664978027344	133	0.0	 0.009984
0.0009975433349609375	133	0.0	 0.009984
0.0009965896606445312	133	0.0	 0.009984
0.000997304916381836	133	0.0	 0.009984
0.0009982585906982422	133	0.0	 0.009984
0.0009965896606445312	133	0.0	 0.009984
0.0009982585906982422	133	0.0	 0.009984
0.0009963512420654297	133	0.0	 0.009984
0.00099945068359375	133	0.0	 0.009984
0.0009951591491699219	133	0.0	 0.009984
0.0009970664978027344	133	0.0	 0.009984
0.0009996891021728516	133	0.0	 0.009984
0.0009965896606445312	133	0.0	 0.009984
0.0009970664978027344	133	0.0	 0.009984
0.0009982585906982422	133	0.0	 0.009984
0.000997781753540039	133	0.0	 0.009984
0.0009963512420654297	133	0.0	 0.009984
0.0010013580322265625	133	0.0	 0.009984
0.0009930133819580078	133	0.0	 0.009984
0.0009968280792236328	133	0.0	 0.009984
0.000997781753540039	133	0.0	 0.009984
0.0	133	0.0	 0.009984
0.0009982585906982422	133	0.0	 0.009984
0.0009965896606445312	133	0.0	 0.009984
0.001995563507080078	133	0.0	 0.009984
0.0009968280792236328	133	0.0	 0.009984
0.000997304916381836	133	0.0	 0.009984
0.0009970664978027344	133	0.0	 0.009984
0.001993417739868164	28	0.002864	 0.013583999999999999
0.0009987354278564453	28	0.002288	 0.013007999999999999
0.001993417739868164	28	0.00124	 0.012967999999999999
0.000997304916381836	28	0.0005679999999999999	 0.012967999999999999
0.000997304916381836	28	0.0005679999999999999	 0.012967999999999999
0.002993345260620117	28	0.0005679999999999999	 0.012967999999999999
0.0009965896606445312	28	0.0005679999999999999	 0.012967999999999999
0.001996278762817383	28	0.0005679999999999999	 0.012967999999999999
0.001993894577026367	28	0.000376	 0.012776
0.001994609832763672	28	0.000136	 0.012536
0.0029921531677246094	28	0.000136	 0.012536
0.003989219665527344	28	0.000136	 0.012536
0.0019943714141845703	28	0.000136	 0.012536
0.00399017333984375	28	0.000136	 0.012536
0.001994609832763672	28	0.000136	 0.012536
0.001993894577026367	28	0.000136	 0.012536
0.001996278762817383	28	0.000136	 0.012536
0.0019922256469726562	28	0.000136	 0.012536
0.0029942989349365234	28	0.000136	 0.012536
0.0009958744049072266	28	0.000136	 0.012536
0.001994609832763672	28	0.000136	 0.012536
0.0009970664978027344	28	0.000136	 0.012536
0.0019948482513427734	28	0.000136	 0.012536
0.0019948482513427734	28	0.000136	 0.012536
0.0009968280792236328	28	0.000136	 0.012536
0.0020055770874023438	28	0.000136	 0.012536
0.002978801727294922	28	0.000136	 0.012536
0.0009965896606445312	28	0.000136	 0.012536
0.001993894577026367	28	0.000136	 0.012536
0.000997781753540039	28	0.000136	 0.012536
0.001995086669921875	28	0.000136	 0.012536
0.004986286163330078	28	0.000136	 0.012536
0.001997709274291992	28	0.000136	 0.012536
0.0019922256469726562	28	0.000136	 0.012536
0.001993894577026367	28	0.000136	 0.012536
0.0019998550415039062	28	0.000136	 0.012536
0.0009932518005371094	28	0.000136	 0.012536
0.0019927024841308594	28	0.000136	 0.012536
0.0029947757720947266	28	0.000136	 0.012536
0.0019953250885009766	28	0.000136	 0.012536
0.0019922256469726562	28	0.000136	 0.012536
0.0009968280792236328	28	0.000136	 0.012536
0.0019998550415039062	28	0.000136	 0.012536
0.0019898414611816406	28	0.000136	 0.012536
0.0009968280792236328	28	0.000136	 0.012536
0.000997304916381836	28	0.000136	 0.012536
0.001995563507080078	28	0.000136	 0.012536
0.0019960403442382812	28	0.000136	 0.012536
0.001993417739868164	28	0.000136	 0.012536
0.0009975433349609375	28	0.000136	 0.012536
0.0	133	0.005503999999999999	 0.007711999999999999
0.0009970664978027344	133	0.005503999999999999	 0.007711999999999999
0.0	133	0.005503999999999999	 0.007711999999999999
0.0	133	0.005503999999999999	 0.007711999999999999
0.0	133	0.005823999999999999	 0.008032
0.0009975433349609375	133	0.005823999999999999	 0.008032
0.0	133	0.005823999999999999	 0.008032
0.0	133	0.005823999999999999	 0.008032
0.0010211467742919922	133	0.005823999999999999	 0.008032
0.0	133	0.005823999999999999	 0.008032
0.0009739398956298828	133	0.005823999999999999	 0.008032
0.0	133	0.005823999999999999	 0.008032
0.0	133	0.005823999999999999	 0.008032
0.000997781753540039	133	0.005823999999999999	 0.008032
0.0	133	0.005823999999999999	 0.008032
0.0	133	0.005823999999999999	 0.008032
0.0	133	0.005823999999999999	 0.008032
0.0009963512420654297	133	0.005823999999999999	 0.008032
0.0	133	0.005823999999999999	 0.008032
0.0	133	0.00868	 0.010608
0.0	133	0.011479999999999999	 0.013408
0.0009970664978027344	133	0.011479999999999999	 0.013408
0.0010061264038085938	133	0.007783999999999999	 0.009992
0.0	133	0.005503999999999999	 0.007711999999999999
0.0	133	0.005503999999999999	 0.007711999999999999
0.0	133	0.005503999999999999	 0.007711999999999999
0.000990152359008789	133	0.005503999999999999	 0.007711999999999999
0.0	133	0.005503999999999999	 0.007711999999999999
0.0	133	0.005503999999999999	 0.007711999999999999
0.0	133	0.005503999999999999	 0.007711999999999999
0.0	133	0.005503999999999999	 0.007711999999999999
0.0009958744049072266	133	0.005503999999999999	 0.007711999999999999
0.0	133	0.005503999999999999	 0.007711999999999999
0.0	133	0.005503999999999999	 0.007711999999999999
0.0	133	0.005503999999999999	 0.007711999999999999
0.0009980201721191406	133	0.005503999999999999	 0.007711999999999999
0.0	133	0.005503999999999999	 0.007711999999999999
0.0009999275207519531	133	0.005503999999999999	 0.007711999999999999
0.0	133	0.005568	 0.007776
0.0	133	0.005823999999999999	 0.008032
0.0009942054748535156	133	0.005823999999999999	 0.008032
0.0	133	0.005823999999999999	 0.008032
0.0	133	0.01064	 0.012568
0.0009980201721191406	133	0.011479999999999999	 0.013408
0.0	133	0.011479999999999999	 0.013408
0.0	133	0.011479999999999999	 0.013408
0.0009975433349609375	133	0.011479999999999999	 0.013408
0.0	133	0.005503999999999999	 0.007711999999999999
0.0009968280792236328	133	0.005503999999999999	 0.007711999999999999
0.0	133	0.005503999999999999	 0.007711999999999999
0.18251371383666992	97	0.0055119999999999995	 0.077958
0.039876699447631836	97	0.004632	 0.049384
0.010971546173095703	97	0.0046	 0.04588
0.052857160568237305	97	0.0046879999999999995	 0.049664
0.03291177749633789	97	0.0046879999999999995	 0.049727999999999994
0.051860809326171875	97	0.0046879999999999995	 0.049783999999999995
0.012966632843017578	97	0.004632	 0.046264
0.029921293258666992	97	0.009079	 0.053895
0.023933887481689453	97	0.0048	 0.049776
0.08330082893371582	97	0.005451999999999999	 0.050996
0.0409085750579834	97	0.0046879999999999995	 0.049664
0.07415080070495605	97	0.0046879999999999995	 0.050296
0.01595139503479004	97	0.0046559999999999995	 0.049727999999999994
0.010968923568725586	97	0.004632	 0.045624
0.09775996208190918	97	0.008158	 0.054057
0.29920458793640137	97	0.005893	 0.053363999999999995
0.042398929595947266	97	0.004664	 0.050344
0.08078384399414062	97	0.0046879999999999995	 0.050176
0.4886925220489502	97	0.005339	 0.050995
0.02094435691833496	97	0.005254	 0.05023
0.010966777801513672	97	0.004632	 0.0462
0.015955209732055664	97	0.004632	 0.046071999999999995
0.03590512275695801	97	0.0046559999999999995	 0.049471999999999995
0.0388946533203125	97	0.0046879999999999995	 0.049856
0.043881893157958984	97	0.0046559999999999995	 0.0496
0.06884455680847168	97	0.008879	 0.050103999999999996
0.0229034423828125	97	0.005631	 0.050734999999999995
0.033939361572265625	97	0.0048779999999999995	 0.050246
0.06379818916320801	97	0.0046879999999999995	 0.050367999999999996
0.10575008392333984	97	0.0046879999999999995	 0.049856
0.03687024116516113	97	0.006973999999999999	 0.053505
0.06183362007141113	97	0.005118999999999999	 0.050663
0.05086326599121094	97	0.0046559999999999995	 0.049727999999999994
0.016954660415649414	97	0.0046559999999999995	 0.050047999999999995
0.02293872833251953	97	0.0046559999999999995	 0.049471999999999995
0.007978200912475586	97	0.004632	 0.046071999999999995
0.024933576583862305	97	0.0046559999999999995	 0.049471999999999995
0.02194356918334961	97	0.0046879999999999995	 0.0496
0.07080793380737305	97	0.008357999999999999	 0.054710999999999996
0.08477425575256348	97	0.005285	 0.050893
0.15237975120544434	97	0.007939	 0.052787
0.0638282299041748	97	0.005645	 0.050908999999999996
0.05884194374084473	97	0.0046879999999999995	 0.049727999999999994
0.018950462341308594	97	0.0046559999999999995	 0.0496
0.07878804206848145	97	0.0046879999999999995	 0.05004
0.04941534996032715	97	0.006902999999999999	 0.054043
0.07675409317016602	97	0.005285	 0.050525
0.11720681190490723	97	0.0046879999999999995	 0.050168
0.09973359107971191	97	0.005477999999999999	 0.053019
0.01196742057800293	97	0.004608	 0.045655999999999995
0.0468754768371582	84	0.000856	 0.0051519999999999995
0.04687356948852539	35	0.0008799999999999999	 0.005088
0.0468754768371582	51	0.0008799999999999999	 0.005176
0.04889702796936035	0	0.000784	 0.005176
0.04983830451965332	97	0.001616	 0.008248
0.050866127014160156	84	0.001446	 0.005654
0.046872854232788086	0	0.000784	 0.005176
0.047872066497802734	97	0.0008799999999999999	 0.005176
0.04487895965576172	81	0.0008799999999999999	 0.005088
0.0498661994934082	5	0.004935	 0.009476
0.046875715255737305	24	0.002111	 0.006375
0.04287433624267578	81	0.00104	 0.00528
0.0468747615814209	0	0.000976	 0.0053679999999999995
0.0548548698425293	0	0.001438	 0.006143
0.047379255294799805	104	0.0008799999999999999	 0.005176
0.04587841033935547	81	0.0008799999999999999	 0.005176
0.04488086700439453	35	0.0008799999999999999	 0.005088
0.047868967056274414	129	0.0034479999999999997	 0.009705
0.048882246017456055	104	0.001598	 0.005862
0.055837154388427734	0	0.000784	 0.005111999999999999
0.044881582260131836	84	0.000848	 0.005088
0.04487872123718262	104	0.0008799999999999999	 0.005176
0.04587674140930176	84	0.0008799999999999999	 0.005176
0.04488062858581543	81	0.001992	 0.010138
0.049866437911987305	84	0.001423	 0.005719
0.04444575309753418	35	0.0008799999999999999	 0.005176
0.046874284744262695	133	0.0008799999999999999	 0.005111999999999999
0.04638361930847168	81	0.0008799999999999999	 0.005176
0.0478978157043457	0	0.000784	 0.005176
0.04738926887512207	35	0.002	 0.009498999999999999
0.04485940933227539	13	0.001478	 0.005686
0.04487490653991699	84	0.0008799999999999999	 0.005088
0.04587912559509277	35	0.0008799999999999999	 0.005111999999999999
0.04589962959289551	67	0.0008799999999999999	 0.005176
0.044855356216430664	0	0.000784	 0.005176
0.054854393005371094	0	0.001898	 0.009603
0.0483090877532959	35	0.001366	 0.0056619999999999995
0.045876264572143555	104	0.0008799999999999999	 0.005111999999999999
0.042899370193481445	81	0.000848	 0.005088
0.0458827018737793	133	0.000848	 0.005176
0.04484963417053223	35	0.000848	 0.005176
0.04687380790710449	133	0.004384	 0.0098
0.05041193962097168	100	0.001478	 0.005774
0.04587674140930176	35	0.000848	 0.005088
0.04587745666503906	13	0.000848	 0.005128
0.04288935661315918	84	0.0008799999999999999	 0.005111999999999999
0.04687070846557617	129	0.000848	 0.005111999999999999
0.04986858367919922	133	0.002056	 0.009559
0.04687166213989258	81	0.001366	 0.005598
0.04886913299560547	84	0.000848	 0.005176
0.0	100	0.0	 0.000292
0.0	81	0.0	 0.000272
0.0	64	0.0	 0.000292
0.000997781753540039	51	0.0	 0.000292
0.0	13	0.0	 0.000292
0.0	100	0.0	 0.000272
0.0	41	0.0	 0.000292
0.0	49	0.0	 0.000292
0.0	63	0.0	 0.000272
0.0	5	0.0	 0.000292
0.0	9	0.0	 0.000272
0.0	77	0.0	 0.000292
0.0	13	0.0	 0.000272
0.0009980201721191406	96	0.0	 0.000272
0.0	96	0.0	 0.000272
0.0	63	0.0	 0.000292
0.0	100	0.0	 0.000292
0.0	31	0.0	 0.000292
0.0	12	0.0	 0.000292
0.0	133	0.0	 0.000272
0.0	133	0.0	 0.000272
0.0	47	0.0	 0.000292
0.0	63	0.0	 0.000292
0.0	5	0.0	 0.000292
0.0	47	0.0	 0.000272
0.0	77	0.0	 0.000272
0.0	77	0.0	 0.000272
0.0	77	0.0	 0.000272
0.0	64	0.0	 0.000292
0.0	24	0.0	 0.000292
0.0	67	0.0	 0.000292
0.0	133	0.0	 0.000272
0.0	24	0.0	 0.000292
0.0	81	0.0	 0.000292
0.0	63	0.0	 0.000272
0.0	64	0.0	 0.000272
0.000997304916381836	42	0.0	 0.000292
0.0	47	0.0	 0.000272
0.0	47	0.0	 0.000272
0.0	129	0.0	 0.000272
0.0	81	0.0	 0.000272
0.0	63	0.0	 0.000292
0.0	77	0.0	 0.000272
0.0	92	0.0	 0.000272
0.0	9	0.0	 0.00028
0.0	100	0.0	 0.000272
0.0	13	0.0	 0.000292
0.0009980201721191406	24	0.0	 0.000292
0.0	63	0.0	 0.000272
0.0	24	0.0	 0.000292
0.0	92	0.0	 0.000584
0.0009975433349609375	63	0.0	 0.000612
0.0	67	0.0	 0.000584
0.0	92	0.0	 0.000584
0.0	35	0.0	 0.000584
0.0	63	0.0	 0.000612
0.0	77	0.0	 0.000612
0.0	8	0.0	 0.000584
0.0009980201721191406	24	0.0	 0.000612
0.0	96	0.0	 0.000584
0.0	8	0.0	 0.000612
0.0	41	0.0	 0.000612
0.0	13	0.0	 0.000612
0.0	37	0.0	 0.000584
0.0	63	0.0	 0.000612
0.0	84	0.0	 0.000612
0.0009965896606445312	49	0.0	 0.000612
0.0	92	0.0	 0.000612
0.0	47	0.0	 0.000584
0.0	8	0.0	 0.000584
0.0	4	0.0	 0.000584
0.0	42	0.0	 0.000612
0.0	77	0.0	 0.000612
0.000997781753540039	63	0.0	 0.000612
0.0	92	0.0	 0.000584
0.0	35	0.0	 0.000612
0.0	31	0.0	 0.000612
0.0	47	0.0	 0.000584
0.0	63	0.0	 0.000584
0.0	42	0.0	 0.000612
0.0	77	0.0	 0.000584
0.0	47	0.0	 0.000612
0.0009965896606445312	5	0.0	 0.000612
0.0	51	0.0	 0.000612
0.0	5	0.0	 0.000612
0.0	5	0.0	 0.000612
0.0	27	0.0	 0.000612
0.0	104	0.0	 0.000612
0.0	27	0.0	 0.000612
0.0	84	0.0	 0.000612
0.0	5	0.0	 0.000612
0.0	45	0.0	 0.000612
0.0	133	0.0	 0.000612
0.0	104	0.0	 0.000584
0.0	45	0.0	 0.000612
0.0	37	0.0	 0.000612
0.0	77	0.0	 0.000612
0.0	77	0.0	 0.000612
0.0	27	0.0	 0.000584
0.000997304916381836	45	0.0	 0.000612
0.0	133.0	0.001104	 0.006264
0.0	133.0	0.000112	 0.005272
0.0009975433349609375	133.0	0.000112	 0.005272
0.0	133.0	0.000112	 0.005272
0.0	133.0	0.000112	 0.005272
0.0009968280792236328	133.0	0.000112	 0.005272
0.0	133.0	0.000112	 0.005272
0.0009980201721191406	133.0	0.000112	 0.005272
0.0	133.0	0.000112	 0.005272
0.0009987354278564453	133.0	0.000112	 0.005272
0.0009927749633789062	133.0	0.000112	 0.005272
0.0	133.0	0.000112	 0.005272
0.0	133.0	0.000112	 0.005272
0.000997304916381836	133.0	0.000112	 0.005272
0.0	133.0	0.000112	 0.005272
0.0009968280792236328	133.0	0.000112	 0.005272
0.0	133.0	0.000112	 0.005272
0.0	133.0	0.000112	 0.005272
0.000997304916381836	133.0	0.000112	 0.005272
0.0	133.0	0.000112	 0.005272
0.0009968280792236328	133.0	0.000112	 0.005272
0.0	133.0	0.000112	 0.005272
0.0	133.0	0.000112	 0.005272
0.0009970664978027344	133.0	0.000112	 0.005272
0.0	133.0	0.000112	 0.005272
0.0	133.0	0.000112	 0.005272
0.0009970664978027344	133.0	0.000112	 0.005272
0.0	133.0	0.000112	 0.005272
0.0	133.0	0.000112	 0.005272
0.0009975433349609375	133.0	0.000112	 0.005272
0.0	133.0	0.000112	 0.005272
0.0	133.0	0.000112	 0.005272
0.0009980201721191406	133.0	0.000112	 0.005272
0.0	133.0	0.000112	 0.005272
0.0	133.0	0.000112	 0.005272
0.0009968280792236328	133.0	0.000112	 0.005272
0.0	133.0	0.000112	 0.005272
0.0	133.0	0.000112	 0.005272
0.0009970664978027344	133.0	0.000112	 0.005272
0.0	133.0	0.000112	 0.005272
0.0	133.0	0.000112	 0.005272
0.0009975433349609375	133.0	0.000112	 0.005272
0.0	133.0	0.000112	 0.005272
0.0	133.0	0.000112	 0.005272
0.000997304916381836	133.0	0.000112	 0.005272
0.0	133.0	0.000112	 0.005272
0.0	133.0	0.000112	 0.005272
0.0009970664978027344	133.0	0.000112	 0.005272
0.0	133.0	0.000112	 0.005272
0.0	133.0	0.000112	 0.005272
0.0	133.0	0.000208	 0.0053679999999999995
0.000997304916381836	133.0	0.000112	 0.005272
0.0	133.0	0.000112	 0.005272
0.0	133.0	0.000112	 0.005272
0.0009980201721191406	133.0	0.000112	 0.005272
0.0	133.0	0.000112	 0.005272
0.0	133.0	0.000112	 0.005272
0.0009961128234863281	133.0	0.000112	 0.005272
0.0	133.0	0.000112	 0.005272
0.0009987354278564453	133.0	0.000112	 0.005272
0.0	133.0	0.000112	 0.005272
0.0	133.0	0.000112	 0.005272
0.0009961128234863281	133.0	0.000112	 0.005272
0.0	133.0	0.000112	 0.005272
0.0009980201721191406	133.0	0.000112	 0.005272
0.0	133.0	0.000112	 0.005272
0.0	133.0	0.000112	 0.005272
0.0009965896606445312	133.0	0.000112	 0.005272
0.0	133.0	0.000112	 0.005272
0.0	133.0	0.000112	 0.005272
0.0	133.0	0.000112	 0.005272
0.0009970664978027344	133.0	0.000112	 0.005272
0.0	133.0	0.000112	 0.005272
0.000997304916381836	133.0	0.000112	 0.005272
0.0	133.0	0.000112	 0.005272
0.0	133.0	0.000112	 0.005272
0.0009975433349609375	133.0	0.000112	 0.005272
0.0	133.0	0.000112	 0.005272
0.0	133.0	0.000112	 0.005272
0.0009970664978027344	133.0	0.000112	 0.005272
0.0	133.0	0.000112	 0.005272
0.0	133.0	0.000112	 0.005272
0.000997304916381836	133.0	0.000112	 0.005272
0.0	133.0	0.000112	 0.005272
0.0	133.0	0.000112	 0.005272
0.000997304916381836	133.0	0.000112	 0.005272
0.0	133.0	0.000112	 0.005272
0.0	133.0	0.000112	 0.005272
0.0	133.0	0.000112	 0.005272
0.0	133.0	0.000112	 0.005272
0.0	133.0	0.000112	 0.005272
0.000997781753540039	133.0	0.000112	 0.005272
0.0	133.0	0.000112	 0.005272
0.0	133.0	0.000112	 0.005272
0.0009968280792236328	133.0	0.000112	 0.005272
0.0	133.0	0.000112	 0.005272
0.0009968280792236328	133.0	0.000112	 0.005272
0.0	133.0	0.000112	 0.005272
0.0	133.0	0.000112	 0.005272
0.0009980201721191406	133.0	0.000112	 0.005272
0.0	133.0	0.000376	 0.0053679999999999995
0.000997781753540039	133.0	0.000208	 0.005272
0.0	133.0	0.000208	 0.005272
0.0	133.0	0.000208	 0.005272
0.000997304916381836	133.0	0.000208	 0.005272
0.0	133.0	0.000208	 0.005272
0.0	133.0	0.000208	 0.005272
0.000997304916381836	133.0	0.000208	 0.005272
0.0	133.0	0.000208	 0.005272
0.0	133.0	0.000208	 0.005272
0.0009970664978027344	133.0	0.000208	 0.005272
0.0	133.0	0.000208	 0.005272
0.0	133.0	0.000208	 0.005272
0.000997304916381836	133.0	0.000208	 0.005272
0.0009984970092773438	133.0	0.000208	 0.005272
0.0009984970092773438	133.0	0.000208	 0.005272
0.0	133.0	0.000208	 0.005272
0.0009951591491699219	133.0	0.000208	 0.005272
0.0	133.0	0.000208	 0.005272
0.0	133.0	0.000208	 0.005272
0.000997304916381836	133.0	0.000208	 0.005272
0.0	133.0	0.000208	 0.005272
0.0009970664978027344	133.0	0.000208	 0.005272
0.0	133.0	0.000208	 0.005272
0.0	133.0	0.000208	 0.005272
0.0009968280792236328	133.0	0.000144	 0.005272
0.0	133.0	0.000144	 0.005272
0.0009980201721191406	133.0	0.000144	 0.005272
0.0	133.0	0.000144	 0.005272
0.0	133.0	0.000144	 0.005272
0.0009965896606445312	133.0	0.000144	 0.005272
0.0	133.0	0.000144	 0.005272
0.0	133.0	0.000144	 0.005272
0.0009975433349609375	133.0	0.000144	 0.005272
0.0	133.0	0.000144	 0.005272
0.0	133.0	0.000144	 0.005272
0.000997304916381836	133.0	0.000144	 0.005272
0.0	133.0	0.000208	 0.005272
0.0	133.0	0.000208	 0.005272
0.0	133.0	0.000208	 0.005272
0.0	133.0	0.000208	 0.005272
0.0009963512420654297	133.0	0.000208	 0.005272
0.0	133.0	0.000208	 0.005272
0.0	133.0	0.000208	 0.005272
0.0	133.0	0.000208	 0.005272
0.0	133.0	0.000208	 0.005272
0.0	133.0	0.000208	 0.005272
0.0	133.0	0.000208	 0.005272
0.0009970664978027344	133.0	0.000208	 0.005272
0.0	133.0	0.000208	 0.005272
0.0010094642639160156	83.85714285714286	0.00030399999999999996	 0.0053679999999999995
0.0	83.85714285714286	0.000208	 0.005272
0.0009846687316894531	83.85714285714286	0.000208	 0.005272
0.0	83.85714285714286	0.000208	 0.005272
0.0009975433349609375	83.85714285714286	0.000208	 0.005272
0.0	83.85714285714286	0.000208	 0.005272
0.0	83.85714285714286	0.000208	 0.005272
0.0009968280792236328	83.85714285714286	0.000208	 0.005272
0.0	83.85714285714286	0.000208	 0.005272
0.0	83.85714285714286	0.000208	 0.005272
0.000997304916381836	83.85714285714286	0.000208	 0.005272
0.0	83.85714285714286	0.000208	 0.005272
0.0	83.85714285714286	0.000208	 0.005272
0.0009970664978027344	83.85714285714286	0.000208	 0.005272
0.0	83.85714285714286	0.000208	 0.005272
0.0	83.85714285714286	0.000208	 0.005272
0.000997304916381836	83.85714285714286	0.000208	 0.005272
0.0	83.85714285714286	0.000208	 0.005272
0.0	83.85714285714286	0.000208	 0.005272
0.0009975433349609375	83.85714285714286	0.000208	 0.005272
0.0	83.85714285714286	0.000208	 0.005272
0.000997781753540039	83.85714285714286	0.000208	 0.005272
0.0	83.85714285714286	0.000208	 0.005272
0.0	83.85714285714286	0.000208	 0.005272
0.000997304916381836	83.85714285714286	0.000208	 0.005272
0.0	83.85714285714286	0.000208	 0.005272
0.0009970664978027344	83.85714285714286	0.000208	 0.005272
0.0	83.85714285714286	0.000208	 0.005272
0.0	83.85714285714286	0.000208	 0.005272
0.0009989738464355469	83.85714285714286	0.000208	 0.005272
0.0	83.85714285714286	0.000208	 0.005272
0.00099945068359375	83.85714285714286	0.000208	 0.005272
0.0	83.85714285714286	0.000208	 0.005272
0.000993967056274414	83.85714285714286	0.000208	 0.005272
0.0	83.85714285714286	0.000208	 0.005272
0.0	83.85714285714286	0.000208	 0.005272
0.0009968280792236328	83.85714285714286	0.000208	 0.005272
0.0	83.85714285714286	0.000208	 0.005272
0.0009980201721191406	83.85714285714286	0.000208	 0.005272
0.0	83.85714285714286	0.000208	 0.005272
0.0	83.85714285714286	0.000208	 0.005272
0.0009965896606445312	83.85714285714286	0.000208	 0.005272
0.0009987354278564453	83.85714285714286	0.000208	 0.005272
0.0009968280792236328	83.85714285714286	0.000208	 0.005272
0.0	83.85714285714286	0.000208	 0.005272
0.0	83.85714285714286	0.000208	 0.005272
0.0009970664978027344	83.85714285714286	0.000208	 0.005272
0.0	83.85714285714286	0.000208	 0.005272
0.0	83.85714285714286	0.000208	 0.005272
0.0009965896606445312	83.85714285714286	0.000208	 0.005272
0.0	159.395	0.000144	 0.000824
0.0	159.395	9.6e-05	 0.000776
0.0	159.395	9.6e-05	 0.000776
0.0	159.395	9.6e-05	 0.000776
0.0	159.395	9.6e-05	 0.000776
0.0	159.395	9.6e-05	 0.000776
0.0	159.395	9.6e-05	 0.000776
0.0	159.395	9.6e-05	 0.000776
0.0	159.395	9.6e-05	 0.000776
0.0	159.395	9.6e-05	 0.000776
0.0	159.395	9.6e-05	 0.000776
0.0	159.395	9.6e-05	 0.000776
0.0	159.395	9.6e-05	 0.000776
0.0	159.395	9.6e-05	 0.000776
0.0	159.395	9.6e-05	 0.000776
0.0	159.395	9.6e-05	 0.000776
0.0	159.395	9.6e-05	 0.000776
0.0	159.395	9.6e-05	 0.000776
0.0	159.395	9.6e-05	 0.000776
0.0	159.395	0.00015999999999999999	 0.0008399999999999999
0.0	159.395	0.00015999999999999999	 0.0008399999999999999
0.0	159.395	0.00015999999999999999	 0.0008399999999999999
0.0	159.395	0.00015999999999999999	 0.0008399999999999999
0.0	159.395	0.00015999999999999999	 0.0008399999999999999
0.0	159.395	0.00015999999999999999	 0.0008399999999999999
0.0	159.395	0.00015999999999999999	 0.0008399999999999999
0.0	159.395	0.00015999999999999999	 0.0008399999999999999
0.0	159.395	0.00015999999999999999	 0.0008399999999999999
0.0	159.395	0.00015999999999999999	 0.0008399999999999999
0.0	159.395	0.00015999999999999999	 0.0008399999999999999
0.0	159.395	0.00015999999999999999	 0.0008399999999999999
0.0	159.395	0.00015999999999999999	 0.0008399999999999999
0.0	159.395	0.00015999999999999999	 0.0008399999999999999
0.0	159.395	0.00015999999999999999	 0.0008399999999999999
0.0	159.395	0.00015999999999999999	 0.0008399999999999999
0.0	159.395	0.00015999999999999999	 0.0008399999999999999
0.0	159.395	0.00015999999999999999	 0.0008399999999999999
0.0009970664978027344	159.395	0.00015999999999999999	 0.0008399999999999999
0.0	159.395	0.00015999999999999999	 0.0008399999999999999
0.0	159.395	0.00015999999999999999	 0.0008399999999999999
0.0	159.395	0.00015999999999999999	 0.0008399999999999999
0.0	159.395	0.00015999999999999999	 0.0008399999999999999
0.0	159.395	0.00015999999999999999	 0.0008399999999999999
0.0	159.395	0.00015999999999999999	 0.0008399999999999999
0.0	159.395	0.00015999999999999999	 0.0008399999999999999
0.0	159.395	0.00015999999999999999	 0.0008399999999999999
0.0	159.395	0.00015999999999999999	 0.0008399999999999999
0.0	159.395	0.00015999999999999999	 0.0008399999999999999
0.0	159.395	0.00015999999999999999	 0.0008399999999999999
0.0	159.395	0.00015999999999999999	 0.0008399999999999999
0.0009980201721191406	84	0.0016799999999999999	 0.006552
0.0010190010070800781	84	0.000184	 0.005272
0.0010061264038085938	84	0.000184	 0.005272
0.0	84	0.000184	 0.005272
0.0009663105010986328	84	0.000184	 0.005272
0.0009965896606445312	84	0.000184	 0.005272
0.0	84	0.000184	 0.005272
0.0009975433349609375	84	0.000184	 0.005272
0.0	84	0.000184	 0.005272
0.0009975433349609375	84	0.000184	 0.005272
0.0	84	0.000184	 0.005272
0.000997781753540039	84	0.000184	 0.005272
0.0	84	0.000716	 0.005272
0.0	84	0.000184	 0.005272
0.000997304916381836	84	0.000184	 0.005272
0.0	84	0.000184	 0.005272
0.0009999275207519531	84	0.000184	 0.005272
0.0	84	0.000184	 0.005272
0.000995635986328125	84	0.000184	 0.005272
0.0	84	0.000184	 0.005272
0.0009965896606445312	84	0.000184	 0.005272
0.0009970664978027344	84	0.000184	 0.005272
0.0	84	0.000184	 0.005272
0.000997304916381836	84	0.000184	 0.005272
0.0	84	0.000184	 0.005272
0.0009980201721191406	84	0.000184	 0.005272
0.0010051727294921875	84	0.000184	 0.005272
0.0	84	0.000184	 0.005272
0.0019876956939697266	84	0.0795	 0.123072
0.0012545585632324219	84	9.6e-05	 0.00532
0.000993490219116211	84	0.00011999999999999999	 0.005272
0.0009984970092773438	84	0.00011999999999999999	 0.005272
0.0009953975677490234	84	0.00011999999999999999	 0.005272
0.0	84	0.00011999999999999999	 0.005272
0.0009942054748535156	84	0.00011999999999999999	 0.005272
0.0009963512420654297	84	0.000184	 0.005272
0.0	84	0.000184	 0.005272
0.00099945068359375	84	0.000184	 0.005272
0.0	84	0.000184	 0.005272
0.0	84	0.000184	 0.005272
0.0009937286376953125	84	0.000184	 0.005272
0.0	84	0.000184	 0.005272
0.0009970664978027344	84	0.000184	 0.005272
0.0009975433349609375	84	0.000184	 0.005272
0.0	84	0.000184	 0.005272
0.0009970664978027344	84	0.000184	 0.005272
0.0	84	0.000184	 0.005272
0.000997781753540039	84	0.000184	 0.005272
0.0009965896606445312	84	0.000184	 0.005272
0.0	84	0.00132	 0.006024
0.004988908767700195	133	0.00035999999999999997	 0.000612
0.0029807090759277344	133	0.0	 0.000372
0.002993345260620117	133	0.0	 0.000372
0.0029914379119873047	133	0.0	 0.000372
0.002992391586303711	133	0.0	 0.000372
0.0069887638092041016	133	0.0	 0.000372
0.003982067108154297	133	0.0	 0.000372
0.00393366813659668	133	0.0	 0.000372
0.004987955093383789	133	0.0	 0.000372
0.0029897689819335938	133	0.0	 0.000372
0.0029921531677246094	133	0.0	 0.000372
0.002995014190673828	133	0.0	 0.000372
0.0029897689819335938	133	0.0	 0.000372
0.003990650177001953	133	0.0	 0.000372
0.0029897689819335938	133	0.0	 0.000372
0.0029926300048828125	133	0.0	 0.000372
0.0029916763305664062	133	0.0	 0.000372
0.002992391586303711	133	0.0	 0.000372
0.0040130615234375	133	0.0	 0.000372
0.002969026565551758	133	0.0	 0.000372
0.002990245819091797	133	0.0	 0.000372
0.0030057430267333984	133	0.0	 0.000372
0.002979278564453125	133	0.0	 0.000372
0.002993345260620117	133	0.0	 0.000372
0.003987312316894531	133	0.0	 0.000372
0.0029921531677246094	133	0.0	 0.000372
0.002991914749145508	133	0.0	 0.000372
0.001995086669921875	133	0.0	 0.000372
0.0029935836791992188	133	0.0	 0.000372
0.0029900074005126953	133	0.0	 0.000372
0.002992391586303711	133	0.0	 0.000372
0.002991914749145508	133	0.0	 0.000372
0.0029921531677246094	133	0.0	 0.000372
0.004987239837646484	133	0.0	 0.000372
0.0029914379119873047	133	0.0006349999999999999	 0.0010069999999999999
0.0029926300048828125	133	0.0	 0.000372
0.0029931068420410156	133	0.0	 0.000372
0.005979776382446289	133	0.0	 0.000372
0.0029914379119873047	133	0.0	 0.000372
0.0019943714141845703	133	0.0	 0.000372
0.003989458084106445	133	0.0	 0.000372
0.002991914749145508	133	0.0	 0.000372
0.005983829498291016	133	0.0	 0.000372
0.0029916763305664062	133	0.0	 0.000372
0.005984783172607422	133	0.0	 0.000372
0.003991127014160156	133	0.0	 0.000372
0.002989053726196289	133	0.0	 0.000372
0.0029942989349365234	133	0.0	 0.000372
0.0020051002502441406	133	0.0	 0.000372
0.0029811859130859375	133	0.0	 0.000372
0.0	 0.0	 0.000272
0.4886925220489502	 0.0795	 0.123072
0.008311672528584798	 0.0010747759999999984	 0.007946022666666552
133