0.000997304916381836	23	0.00047999999999999996	 0.002368
0.0009958744049072266	23	0.0	 0.001888
0.0	23	0.0	 0.001888
0.0	23	0.0	 0.001888
0.0	23	0.0	 0.001888
0.0009937286376953125	23	0.0	 0.001888
0.0	23	0.0	 0.001888
0.0	23	0.0	 0.001888
0.0	23	0.0	 0.001888
0.0	23	0.0	 0.001888
0.000997781753540039	23	0.0	 0.001888
0.0	23	0.0	 0.001888
0.0	23	0.0	 0.001888
0.0	23	0.0	 0.001888
0.0009965896606445312	23	0.0	 0.001888
0.0	23	0.0	 0.001888
0.0	23	0.0	 0.001888
0.0	23	0.0	 0.001888
0.0	23	0.0	 0.001888
0.0	23	0.0	 0.001888
0.0010287761688232422	23	0.0	 0.001888
0.0	23	0.0	 0.001888
0.0	23	0.0	 0.001888
0.0	23	0.0	 0.001888
0.0	23	0.0	 0.001888
0.0009655952453613281	23	0.0	 0.001888
0.0	23	0.0	 0.001888
0.0	23	0.0	 0.001888
0.0	23	0.0	 0.001888
0.0009982585906982422	23	0.0	 0.001888
0.0	23	0.0	 0.001888
0.0	23	0.0	 0.001888
0.0	23	0.0	 0.001888
0.0	23	0.0	 0.001888
0.0009980201721191406	23	0.0	 0.001888
0.0	23	0.0	 0.001888
0.0	23	0.0	 0.001888
0.0	23	0.0	 0.001888
0.0010030269622802734	23	0.0	 0.001888
0.0010180473327636719	23	0.0	 0.001888
0.0	23	0.0	 0.001888
0.0009720325469970703	23	0.0	 0.001888
0.0	23	0.0	 0.001888
0.0	23	0.0	 0.001888
0.0	23	0.0	 0.001888
0.0	23	0.0	 0.001888
0.0	23	0.0	 0.001888
0.000997304916381836	23	0.0	 0.001888
0.000995635986328125	23	0.0	 0.001888
0.0	23	0.0	 0.001888
0.0	23	0.0	 0.001888
0.0	 0.0	 0.001888
0.0010287761688232422	 0.00047999999999999996	 0.002368
0.00027368582931219364	 9.411764705882352e-06	 0.001897411764705883
